2024-01-02 16:49:37 - robotic_arm - INFO: 开始进行机械臂API初始化完毕
2024-01-02 16:49:37 - robotic_arm - INFO: 连接机械臂成功:1476
2024-01-02 16:49:37 - robotic_arm - INFO: 设置机械臂末端参数为初始值
2024-01-02 16:49:37 - robotic_arm - INFO: change_frame:0
2024-01-02 16:50:15 - robotic_arm - INFO: 开始进行机械臂API初始化完毕
2024-01-02 16:50:15 - robotic_arm - INFO: 连接机械臂成功:1096
2024-01-02 16:50:15 - robotic_arm - INFO: 设置机械臂末端参数为初始值
2024-01-02 16:50:16 - robotic_arm - INFO: change_frame:0
2024-01-02 16:53:33 - robotic_arm - INFO: 开始进行机械臂API初始化完毕
2024-01-02 16:53:34 - robotic_arm - INFO: 连接机械臂成功:1060
2024-01-02 16:53:34 - robotic_arm - INFO: 设置机械臂末端参数为初始值
2024-01-02 16:53:34 - robotic_arm - INFO: change_frame:0
2024-01-02 17:13:55 - __main__ - WARNING: 数据量过小，请增加数据量
2024-01-02 17:14:23 - __main__ - INFO: 手眼标定完成,旋转矩阵为[[ 0.50724951  0.86174131  0.00999207]
 [-0.8617952   0.50724853  0.00282037]
 [-0.00263804 -0.01004174  0.9999461 ]],平移矩阵为[[-0.09650463]
 [-0.01825734]
 [ 0.02988052]]
2024-01-02 17:14:38 - __main__ - INFO: 手眼标定完成,旋转矩阵为[[ 0.50724951  0.86174131  0.00999207]
 [-0.8617952   0.50724853  0.00282037]
 [-0.00263804 -0.01004174  0.9999461 ]],平移矩阵为[[-0.09650463]
 [-0.01825734]
 [ 0.02988052]]
2024-01-02 17:19:49 - __main__ - INFO: 手眼标定完成,旋转矩阵为[[ 0.50724951  0.86174131  0.00999207]
 [-0.8617952   0.50724853  0.00282037]
 [-0.00263804 -0.01004174  0.9999461 ]],平移矩阵为[[-0.09650463]
 [-0.01825734]
 [ 0.02988052]]
